match_orbit
kkf                =         0.7284992976 ;
kkd                =        -0.7432321404 ;
