match_injection
kkf                =   7.5163393546e-01 ;
kkd                =  -7.6780875809e-01 ;
